 y=   131.284424    
 y=  -99.5377884    
 y=   160.695404    
