 Input:   10.0000000       3.00000000       7.00000000    
 Minumum=   3.00000000      Average=   7.00000000     Maximum=   10.0000000    
